train_net: "./prototxt/ns_v1_3dresnet18_pyramid.prototxt"
base_lr: 9.99999997475e-07
display: 1
max_iter: 1000000
lr_policy: "inv"
gamma: 0.000500000023749
power: 0.75
momentum: 0.899999976158
weight_decay: 9.99999974738e-05
snapshot: 10000
snapshot_prefix: "snapshot/debug_ns_v1_3dresnet18_pyramid/2018120510:57:46/snapshot_"
solver_mode: GPU
