train_net: "./prototxt/ns_v1_naive.prototxt"
base_lr: 0.00999999977648
display: 50
max_iter: 1000000
lr_policy: "inv"
gamma: 0.000500000023749
power: 0.75
momentum: 0.899999976158
weight_decay: 9.99999974738e-05
snapshot: 10000
snapshot_prefix: "../training_output/debug_ns_v1_naive/2018112116:25:02/snapshot_"
solver_mode: GPU
